{"nbformat":4,"nbformat_minor":5,"metadata":{"kernelspec":{"display_name":"Python 3","language":"python","name":"python3"},"language_info":{"codemirror_mode":{"name":"ipython","version":3},"file_extension":".py","mimetype":"text/x-python","name":"python","nbconvert_exporter":"python","pygments_lexer":"ipython3","version":"3.8.3"},"colab":{"name":"Cholesky-Decomposition-and-Applications.ipynb","provenance":[]}},"cells":[{"cell_type":"markdown","metadata":{"id":"younger-creek"},"source":["# Ý tưởng phương pháp "],"id":"younger-creek"},{"cell_type":"markdown","metadata":{"id":"exotic-creature"},"source":["# Ý tưởng thuật toán: "],"id":"exotic-creature"},{"cell_type":"markdown","metadata":{"id":"sonic-taxation"},"source":["**INPUT**: Ma trận $\\mathbf{A}$.\\\n","**OUTPUT**: Ma trận $\\mathbf{U}$, hoặc thông báo $\\mathbf{A}$ không đối xứng, hoặc thông báo $\\mathbf{A}$ không xác định dương. \n","\n","- Lưu ý: Trong thuật toán này, ta sẽ không lưu $\\mathbf{U}$ vào một mảng riêng mà sẽ lưu $\\mathbf{U}$ (ma trận tam giác trên) vào phía trên của A vì hai công thức cần tính toán chỉ sử dụng các $a_{ij}$ với $i < j$ (tức là chỉ sử dụng các phần tử của ma trận tam giác trên của A), và vì mỗi công thức tính $r_{ij}$ đều chỉ sử dụng $i - 1$ hàng trên đó, nên cứ sau khi tính xong $r_{ij}$ ta sẽ thế chỗ luôn phần tử $a_{ij}$ ở phía ma trận tam giác trên của $\\mathbf{A}$).\n","\n","- Thuật toán (Cholesky's Algorithm): \n","\n","Bước 1: for $i = 1$ to $n$:\\\n","Bước 2: Tính phần tử đường chéo chính $a_{ii}$ (chú ý chưa lấy căn bậc 2)\\\n","Bước 3: Nếu $a_{ii} \\leq 0 \\Rightarrow$ Output: $\\mathbf{A}$ không xác định dương => dừng thuật toán\\\n","Bước 4: Lấy căn bậc hai của $a_{ii}$\\\n","Bước 5: Tính các phần tử còn lại của hàng $i$ kể từ sau phần tử đường chéo chính $a_{ii}$ "],"id":"sonic-taxation"},{"cell_type":"markdown","metadata":{"id":"violent-cooling"},"source":["# Cài đặt thuật toán: "],"id":"violent-cooling"},{"cell_type":"code","metadata":{"id":"worth-upgrade"},"source":["import numpy as np \n","from pandas import DataFrame\n","import matplotlib.pyplot as plt "],"id":"worth-upgrade","execution_count":null,"outputs":[]},{"cell_type":"code","metadata":{"id":"h6l7xiC1Xjx6"},"source":[""],"id":"h6l7xiC1Xjx6","execution_count":null,"outputs":[]},{"cell_type":"markdown","metadata":{"id":"healthy-celebrity"},"source":["### Hàm kiểm tra tính đối xứng của ma trận , nếu không đối xứng thì trả về False, ngược lại trả về True. "],"id":"healthy-celebrity"},{"cell_type":"markdown","metadata":{"id":"sacred-circus"},"source":["- **INPUT**: Ma trận $\\mathbf{A}$ cần kiểm tra tính đối xứng. \n","- **OUPUT**: flag (True hoặc False)"],"id":"sacred-circus"},{"cell_type":"code","metadata":{"id":"bizarre-bernard"},"source":["def symmetryCheck(A): \n","    n = len(A)\n","    flag = True\n","    \n","    for i in range(n): \n","        for j in range(i): # không kiểm tra các phần tử đường chéo chính có bằng chính nó hay không.  \n","            if A[i][j] != A[j][i]: \n","                flag = False \n","                break \n","    \n","    return flag "],"id":"bizarre-bernard","execution_count":null,"outputs":[]},{"cell_type":"markdown","metadata":{"id":"compliant-annotation"},"source":["### Hàm thực thi chính của thuật toán Cholesky, trả về ma trận tam giác trên $\\mathbf{U}$ hoặc thông báo $\\mathbf{A}$ không xác định dương, hoặc $\\mathbf{A}$ không đối xứng. "],"id":"compliant-annotation"},{"cell_type":"code","metadata":{"id":"starting-color"},"source":["def ChoLKDecom(A): \n","    n = len(A)\n","    \n","    # Bước 1: Kiểm tra tính đối xứng của ma trận A. \n","    flag = symmetryCheck(A)\n","    if flag == False: \n","        return ('Ma trận A không xác định dương do A không phải là ma trận đối xứng.')\n","    \n","    # Bước 2: Tính bình phương của phần tử đường chéo chính a_ii\n","    for i in range(n): \n","        for k in range(i): \n","            A[i][i] = A[i][i] - A[k][i]**2 # đoạn này có thể lấy inner product cho nhanh. \n","            \n","        # Bước 3: Xét dấu của a_ii. \n","        # Nếu a_ii <= 0 thì dừng thuật toán\n","        if A[i][i] <= 0: \n","            return (\"A không xác định dương do phần tử A[%d][%d] = %f <= 0\" %(i, i, A[i][i]))\n","        \n","        # Ngược lại thì lấy căn của a_ii. \n","        A[i][i] = np.sqrt(A[i][i]) \n","            \n","        # Bước 4: Tính các phần tử a_ij, j = i + 1,..., n.\n","        for j in range(i + 1, n): \n","            for k in range(i): \n","                A[i][j] = A[i][j] - A[k][i]*A[k][j]\n","            \n","            A[i][j] = A[i][j] / A[i][i]\n","        \n","    # Bước 5: trả về ma trận tam giác trên của A. Ta thu được ma trận U. \n","    return np.triu(A)"],"id":"starting-color","execution_count":null,"outputs":[]},{"cell_type":"markdown","metadata":{"id":"tender-cocktail"},"source":["### Một số ví dụ về phân tách Cholesky: "],"id":"tender-cocktail"},{"cell_type":"markdown","metadata":{"id":"orange-consciousness"},"source":["### Ví dụ 1: "],"id":"orange-consciousness"},{"cell_type":"code","metadata":{"id":"hispanic-proxy","colab":{"base_uri":"https://localhost:8080/","height":218},"executionInfo":{"status":"error","timestamp":1625585750676,"user_tz":-420,"elapsed":447,"user":{"displayName":"Đại Phạm Văn","photoUrl":"https://lh3.googleusercontent.com/a-/AOh14GjKNvOu-vTJvaxpa1Cf7K3dpD9wCUpP-0U9j0Cn=s64","userId":"13154657186423650205"}},"outputId":"1be2fb69-1665-4dad-e45d-4467d3486a6c"},"source":["A = np.array([[4, -2, 4, 2], \n","              [-2, 10, -2, -7], \n","              [4, -2, 8, 4], \n","              [2, -7, 4, 7]], dtype='float')"],"id":"hispanic-proxy","execution_count":null,"outputs":[{"output_type":"error","ename":"NameError","evalue":"ignored","traceback":["\u001b[0;31m---------------------------------------------------------------------------\u001b[0m","\u001b[0;31mNameError\u001b[0m                                 Traceback (most recent call last)","\u001b[0;32m<ipython-input-3-b049ad915215>\u001b[0m in \u001b[0;36m<module>\u001b[0;34m()\u001b[0m\n\u001b[0;32m----> 1\u001b[0;31m A = np.array([[4, -2, 4, 2], \n\u001b[0m\u001b[1;32m      2\u001b[0m               \u001b[0;34m[\u001b[0m\u001b[0;34m-\u001b[0m\u001b[0;36m2\u001b[0m\u001b[0;34m,\u001b[0m \u001b[0;36m10\u001b[0m\u001b[0;34m,\u001b[0m \u001b[0;34m-\u001b[0m\u001b[0;36m2\u001b[0m\u001b[0;34m,\u001b[0m \u001b[0;34m-\u001b[0m\u001b[0;36m7\u001b[0m\u001b[0;34m]\u001b[0m\u001b[0;34m,\u001b[0m\u001b[0;34m\u001b[0m\u001b[0;34m\u001b[0m\u001b[0m\n\u001b[1;32m      3\u001b[0m               \u001b[0;34m[\u001b[0m\u001b[0;36m4\u001b[0m\u001b[0;34m,\u001b[0m \u001b[0;34m-\u001b[0m\u001b[0;36m2\u001b[0m\u001b[0;34m,\u001b[0m \u001b[0;36m8\u001b[0m\u001b[0;34m,\u001b[0m \u001b[0;36m4\u001b[0m\u001b[0;34m]\u001b[0m\u001b[0;34m,\u001b[0m\u001b[0;34m\u001b[0m\u001b[0;34m\u001b[0m\u001b[0m\n\u001b[1;32m      4\u001b[0m               [2, -7, 4, 7]], dtype='float')\n","\u001b[0;31mNameError\u001b[0m: name 'np' is not defined"]}]},{"cell_type":"markdown","metadata":{"id":"sought-consultancy"},"source":["- Thực hiện với hàm ChoLKDecom vừa định nghĩa ở trên:"],"id":"sought-consultancy"},{"cell_type":"code","metadata":{"colab":{"base_uri":"https://localhost:8080/","height":166},"id":"continued-concept","executionInfo":{"status":"error","timestamp":1625584673105,"user_tz":-420,"elapsed":16,"user":{"displayName":"Đại Phạm Văn","photoUrl":"https://lh3.googleusercontent.com/a-/AOh14GjKNvOu-vTJvaxpa1Cf7K3dpD9wCUpP-0U9j0Cn=s64","userId":"13154657186423650205"}},"outputId":"84c5edc3-29a1-422d-c66f-1d5c8ffdda00"},"source":["ChoLKDecom(A)"],"id":"continued-concept","execution_count":null,"outputs":[{"output_type":"error","ename":"NameError","evalue":"ignored","traceback":["\u001b[0;31m---------------------------------------------------------------------------\u001b[0m","\u001b[0;31mNameError\u001b[0m                                 Traceback (most recent call last)","\u001b[0;32m<ipython-input-1-b941d5c37535>\u001b[0m in \u001b[0;36m<module>\u001b[0;34m()\u001b[0m\n\u001b[0;32m----> 1\u001b[0;31m \u001b[0mChoLKDecom\u001b[0m\u001b[0;34m(\u001b[0m\u001b[0mA\u001b[0m\u001b[0;34m)\u001b[0m\u001b[0;34m\u001b[0m\u001b[0;34m\u001b[0m\u001b[0m\n\u001b[0m","\u001b[0;31mNameError\u001b[0m: name 'ChoLKDecom' is not defined"]}]},{"cell_type":"markdown","metadata":{"id":"pursuant-minute"},"source":["- So sánh với hàm cholesky của numpy: "],"id":"pursuant-minute"},{"cell_type":"code","metadata":{"colab":{"base_uri":"https://localhost:8080/","height":166},"id":"offshore-married","executionInfo":{"status":"error","timestamp":1622240869187,"user_tz":-420,"elapsed":437,"user":{"displayName":"Đại Phạm Văn","photoUrl":"https://lh3.googleusercontent.com/a-/AOh14GjKNvOu-vTJvaxpa1Cf7K3dpD9wCUpP-0U9j0Cn=s64","userId":"13154657186423650205"}},"outputId":"cd4f019d-90cc-41fe-f07e-e715dccd96a7"},"source":["np.linalg.cholesky(A)"],"id":"offshore-married","execution_count":null,"outputs":[{"output_type":"error","ename":"NameError","evalue":"ignored","traceback":["\u001b[0;31m---------------------------------------------------------------------------\u001b[0m","\u001b[0;31mNameError\u001b[0m                                 Traceback (most recent call last)","\u001b[0;32m<ipython-input-4-25af16d762db>\u001b[0m in \u001b[0;36m<module>\u001b[0;34m()\u001b[0m\n\u001b[0;32m----> 1\u001b[0;31m \u001b[0mnp\u001b[0m\u001b[0;34m.\u001b[0m\u001b[0mlinalg\u001b[0m\u001b[0;34m.\u001b[0m\u001b[0mcholesky\u001b[0m\u001b[0;34m(\u001b[0m\u001b[0mA\u001b[0m\u001b[0;34m)\u001b[0m\u001b[0;34m\u001b[0m\u001b[0;34m\u001b[0m\u001b[0m\n\u001b[0m","\u001b[0;31mNameError\u001b[0m: name 'np' is not defined"]}]},{"cell_type":"markdown","metadata":{"id":"functioning-debate"},"source":["### Ví dụ 2: "],"id":"functioning-debate"},{"cell_type":"code","metadata":{"colab":{"base_uri":"https://localhost:8080/","height":218},"id":"graphic-gossip","executionInfo":{"status":"error","timestamp":1622240874551,"user_tz":-420,"elapsed":579,"user":{"displayName":"Đại Phạm Văn","photoUrl":"https://lh3.googleusercontent.com/a-/AOh14GjKNvOu-vTJvaxpa1Cf7K3dpD9wCUpP-0U9j0Cn=s64","userId":"13154657186423650205"}},"outputId":"8a58452c-f2cc-4e9a-b022-2db2c4042829"},"source":["A = np.array([[16, 4, 8, 4], \n","              [4, 10, 8, 4], \n","              [8, 8, 12, 10], \n","              [4, 4, 10, 12]], dtype='float')"],"id":"graphic-gossip","execution_count":null,"outputs":[{"output_type":"error","ename":"NameError","evalue":"ignored","traceback":["\u001b[0;31m---------------------------------------------------------------------------\u001b[0m","\u001b[0;31mNameError\u001b[0m                                 Traceback (most recent call last)","\u001b[0;32m<ipython-input-5-be7df0b74ba6>\u001b[0m in \u001b[0;36m<module>\u001b[0;34m()\u001b[0m\n\u001b[0;32m----> 1\u001b[0;31m A = np.array([[16, 4, 8, 4], \n\u001b[0m\u001b[1;32m      2\u001b[0m               \u001b[0;34m[\u001b[0m\u001b[0;36m4\u001b[0m\u001b[0;34m,\u001b[0m \u001b[0;36m10\u001b[0m\u001b[0;34m,\u001b[0m \u001b[0;36m8\u001b[0m\u001b[0;34m,\u001b[0m \u001b[0;36m4\u001b[0m\u001b[0;34m]\u001b[0m\u001b[0;34m,\u001b[0m\u001b[0;34m\u001b[0m\u001b[0;34m\u001b[0m\u001b[0m\n\u001b[1;32m      3\u001b[0m               \u001b[0;34m[\u001b[0m\u001b[0;36m8\u001b[0m\u001b[0;34m,\u001b[0m \u001b[0;36m8\u001b[0m\u001b[0;34m,\u001b[0m \u001b[0;36m12\u001b[0m\u001b[0;34m,\u001b[0m \u001b[0;36m10\u001b[0m\u001b[0;34m]\u001b[0m\u001b[0;34m,\u001b[0m\u001b[0;34m\u001b[0m\u001b[0;34m\u001b[0m\u001b[0m\n\u001b[1;32m      4\u001b[0m               [4, 4, 10, 12]], dtype='float')\n","\u001b[0;31mNameError\u001b[0m: name 'np' is not defined"]}]},{"cell_type":"code","metadata":{"colab":{"base_uri":"https://localhost:8080/","height":201},"id":"faced-development","executionInfo":{"status":"error","timestamp":1622240887533,"user_tz":-420,"elapsed":593,"user":{"displayName":"Đại Phạm Văn","photoUrl":"https://lh3.googleusercontent.com/a-/AOh14GjKNvOu-vTJvaxpa1Cf7K3dpD9wCUpP-0U9j0Cn=s64","userId":"13154657186423650205"}},"outputId":"df1a37c1-b64a-49c6-f8ae-feb087606274"},"source":["A = np.array([[1, 2, 3], \n","              [2, 5, 10], \n","              [3, 10, 16]], dtype='float')"],"id":"faced-development","execution_count":null,"outputs":[{"output_type":"error","ename":"NameError","evalue":"ignored","traceback":["\u001b[0;31m---------------------------------------------------------------------------\u001b[0m","\u001b[0;31mNameError\u001b[0m                                 Traceback (most recent call last)","\u001b[0;32m<ipython-input-8-03c8a3a657a2>\u001b[0m in \u001b[0;36m<module>\u001b[0;34m()\u001b[0m\n\u001b[0;32m----> 1\u001b[0;31m A = np.array([[1, 2, 3], \n\u001b[0m\u001b[1;32m      2\u001b[0m               \u001b[0;34m[\u001b[0m\u001b[0;36m2\u001b[0m\u001b[0;34m,\u001b[0m \u001b[0;36m5\u001b[0m\u001b[0;34m,\u001b[0m \u001b[0;36m10\u001b[0m\u001b[0;34m]\u001b[0m\u001b[0;34m,\u001b[0m\u001b[0;34m\u001b[0m\u001b[0;34m\u001b[0m\u001b[0m\n\u001b[1;32m      3\u001b[0m               [3, 10, 16]], dtype='float')\n","\u001b[0;31mNameError\u001b[0m: name 'np' is not defined"]}]},{"cell_type":"code","metadata":{"colab":{"base_uri":"https://localhost:8080/","height":166},"id":"described-christmas","executionInfo":{"status":"error","timestamp":1625585832761,"user_tz":-420,"elapsed":14,"user":{"displayName":"Đại Phạm Văn","photoUrl":"https://lh3.googleusercontent.com/a-/AOh14GjKNvOu-vTJvaxpa1Cf7K3dpD9wCUpP-0U9j0Cn=s64","userId":"13154657186423650205"}},"outputId":"86329c15-90b5-4a4a-f0bb-d489cd192de3"},"source":["ChoLKDecom(A)"],"id":"described-christmas","execution_count":null,"outputs":[{"output_type":"error","ename":"NameError","evalue":"ignored","traceback":["\u001b[0;31m---------------------------------------------------------------------------\u001b[0m","\u001b[0;31mNameError\u001b[0m                                 Traceback (most recent call last)","\u001b[0;32m<ipython-input-4-b941d5c37535>\u001b[0m in \u001b[0;36m<module>\u001b[0;34m()\u001b[0m\n\u001b[0;32m----> 1\u001b[0;31m \u001b[0mChoLKDecom\u001b[0m\u001b[0;34m(\u001b[0m\u001b[0mA\u001b[0m\u001b[0;34m)\u001b[0m\u001b[0;34m\u001b[0m\u001b[0;34m\u001b[0m\u001b[0m\n\u001b[0m","\u001b[0;31mNameError\u001b[0m: name 'ChoLKDecom' is not defined"]}]},{"cell_type":"markdown","metadata":{"id":"compatible-mambo"},"source":["- So sánh với hàm cholesky của numpy: "],"id":"compatible-mambo"},{"cell_type":"code","metadata":{"id":"anonymous-westminster"},"source":["np.linalg.cholesky(A)"],"id":"anonymous-westminster","execution_count":null,"outputs":[]},{"cell_type":"markdown","metadata":{"id":"warming-ontario"},"source":["### Ví dụ 3: $\\mathbf{A}$ không xác định dương. "],"id":"warming-ontario"},{"cell_type":"code","metadata":{"colab":{"base_uri":"https://localhost:8080/","height":166},"id":"elect-viking","executionInfo":{"status":"error","timestamp":1622240887538,"user_tz":-420,"elapsed":19,"user":{"displayName":"Đại Phạm Văn","photoUrl":"https://lh3.googleusercontent.com/a-/AOh14GjKNvOu-vTJvaxpa1Cf7K3dpD9wCUpP-0U9j0Cn=s64","userId":"13154657186423650205"}},"outputId":"b6e7decf-bc9f-423c-ea7d-8606dc3fb2b8"},"source":["ChoLKDecom(A)"],"id":"elect-viking","execution_count":null,"outputs":[{"output_type":"error","ename":"NameError","evalue":"ignored","traceback":["\u001b[0;31m---------------------------------------------------------------------------\u001b[0m","\u001b[0;31mNameError\u001b[0m                                 Traceback (most recent call last)","\u001b[0;32m<ipython-input-9-b941d5c37535>\u001b[0m in \u001b[0;36m<module>\u001b[0;34m()\u001b[0m\n\u001b[0;32m----> 1\u001b[0;31m \u001b[0mChoLKDecom\u001b[0m\u001b[0;34m(\u001b[0m\u001b[0mA\u001b[0m\u001b[0;34m)\u001b[0m\u001b[0;34m\u001b[0m\u001b[0;34m\u001b[0m\u001b[0m\n\u001b[0m","\u001b[0;31mNameError\u001b[0m: name 'ChoLKDecom' is not defined"]}]},{"cell_type":"code","metadata":{"id":"computational-wound"},"source":["np.linalg.cholesky(A)"],"id":"computational-wound","execution_count":null,"outputs":[]},{"cell_type":"markdown","metadata":{"id":"apart-space"},"source":["### Ví dụ 4: Thử nhân một ma trận $\\mathbf{M}$ khả nghịch với chuyển vị của nó để tạo ra $\\mathbf{A}$"],"id":"apart-space"},{"cell_type":"code","metadata":{"id":"understood-geometry","colab":{"base_uri":"https://localhost:8080/","height":218},"executionInfo":{"status":"error","timestamp":1625585663489,"user_tz":-420,"elapsed":384,"user":{"displayName":"Đại Phạm Văn","photoUrl":"https://lh3.googleusercontent.com/a-/AOh14GjKNvOu-vTJvaxpa1Cf7K3dpD9wCUpP-0U9j0Cn=s64","userId":"13154657186423650205"}},"outputId":"ddb58e30-4752-46ed-8d57-1046b9b0bd53"},"source":["M = np.array([[2, 4, 6, 7], \n","              [5, 3, 2, 4], \n","              [1, 3, 2, 6], \n","              [8, 3, 9, 2]], dtype='float')"],"id":"understood-geometry","execution_count":null,"outputs":[{"output_type":"error","ename":"NameError","evalue":"ignored","traceback":["\u001b[0;31m---------------------------------------------------------------------------\u001b[0m","\u001b[0;31mNameError\u001b[0m                                 Traceback (most recent call last)","\u001b[0;32m<ipython-input-2-b7e8b6325901>\u001b[0m in \u001b[0;36m<module>\u001b[0;34m()\u001b[0m\n\u001b[0;32m----> 1\u001b[0;31m M = np.array([[2, 4, 6, 7], \n\u001b[0m\u001b[1;32m      2\u001b[0m               \u001b[0;34m[\u001b[0m\u001b[0;36m5\u001b[0m\u001b[0;34m,\u001b[0m \u001b[0;36m3\u001b[0m\u001b[0;34m,\u001b[0m \u001b[0;36m2\u001b[0m\u001b[0;34m,\u001b[0m \u001b[0;36m4\u001b[0m\u001b[0;34m]\u001b[0m\u001b[0;34m,\u001b[0m\u001b[0;34m\u001b[0m\u001b[0;34m\u001b[0m\u001b[0m\n\u001b[1;32m      3\u001b[0m               \u001b[0;34m[\u001b[0m\u001b[0;36m1\u001b[0m\u001b[0;34m,\u001b[0m \u001b[0;36m3\u001b[0m\u001b[0;34m,\u001b[0m \u001b[0;36m2\u001b[0m\u001b[0;34m,\u001b[0m \u001b[0;36m6\u001b[0m\u001b[0;34m]\u001b[0m\u001b[0;34m,\u001b[0m\u001b[0;34m\u001b[0m\u001b[0;34m\u001b[0m\u001b[0m\n\u001b[1;32m      4\u001b[0m               [8, 3, 9, 2]], dtype='float')\n","\u001b[0;31mNameError\u001b[0m: name 'np' is not defined"]}]},{"cell_type":"markdown","metadata":{"id":"frozen-sigma"},"source":["- Kiểm tra tính khả nghịch của $\\mathbf{M}$, nếu thỏa mãn thì nhân với chuyển vị của nó. "],"id":"frozen-sigma"},{"cell_type":"code","metadata":{"id":"miniature-holder","outputId":"c10950eb-ebf4-4f06-a84a-54c460c24d67"},"source":["np.linalg.inv(M)"],"id":"miniature-holder","execution_count":null,"outputs":[{"output_type":"execute_result","data":{"text/plain":["array([[-1.16666667, -0.52777778,  1.52777778,  0.55555556],\n","       [ 5.16666667,  3.52777778, -7.52777778, -2.55555556],\n","       [-0.16666667, -0.36111111,  0.36111111,  0.22222222],\n","       [-2.33333333, -1.55555556,  3.55555556,  1.11111111]])"]},"metadata":{"tags":[]},"execution_count":25}]},{"cell_type":"markdown","metadata":{"id":"surgical-server"},"source":["- Nhân $\\mathbf{M}$ với chuyển vị của nó: "],"id":"surgical-server"},{"cell_type":"code","metadata":{"id":"czech-harbor"},"source":["A = np.matmul(M.T, M)"],"id":"czech-harbor","execution_count":null,"outputs":[]},{"cell_type":"code","metadata":{"id":"adequate-somewhere","outputId":"bb31da47-b7e5-4fd2-ef05-8b9c6f0ab3e1"},"source":["print(A)"],"id":"adequate-somewhere","execution_count":null,"outputs":[{"output_type":"stream","text":["[[ 94.  50.  96.  56.]\n"," [ 50.  43.  63.  64.]\n"," [ 96.  63. 125.  80.]\n"," [ 56.  64.  80. 105.]]\n"],"name":"stdout"}]},{"cell_type":"markdown","metadata":{"id":"reflected-deficit"},"source":["- Phân tách Cholesky của $\\mathbf{A}$: "],"id":"reflected-deficit"},{"cell_type":"code","metadata":{"id":"equal-leonard","outputId":"aa7753e2-19d0-4df1-a5d9-6f6f2439b4f6"},"source":["ChoLKDecom(A)"],"id":"equal-leonard","execution_count":null,"outputs":[{"output_type":"execute_result","data":{"text/plain":["array([[ 9.69535971,  5.15710623,  9.90164396,  5.77595898],\n","       [ 0.        ,  4.0502167 ,  2.94704484,  8.44714456],\n","       [ 0.        ,  0.        ,  4.2746197 , -0.48790378],\n","       [ 0.        ,  0.        ,  0.        ,  0.21446816]])"]},"metadata":{"tags":[]},"execution_count":28}]},{"cell_type":"markdown","metadata":{"id":"durable-recommendation"},"source":["- So sánh kết quả với hàm cholesky của numpy: "],"id":"durable-recommendation"},{"cell_type":"code","metadata":{"id":"liked-suspect","outputId":"6bd935ed-9f0b-41c1-da08-62199d0ddffc"},"source":["np.linalg.cholesky(A)"],"id":"liked-suspect","execution_count":null,"outputs":[{"output_type":"execute_result","data":{"text/plain":["array([[ 9.69535971,  0.        ,  0.        ,  0.        ],\n","       [ 5.15710623,  4.0502167 ,  0.        ,  0.        ],\n","       [ 9.90164396,  2.94704484,  4.2746197 ,  0.        ],\n","       [ 5.77595898,  8.44714456, -0.48790378,  0.21446816]])"]},"metadata":{"tags":[]},"execution_count":30}]},{"cell_type":"markdown","metadata":{"id":"micro-brighton"},"source":["### Ví dụ 5: Thử với một ma trận 10 $\\times$ 10. "],"id":"micro-brighton"},{"cell_type":"code","metadata":{"id":"interim-shark"},"source":["M = np.array([[10, 32, 43, 27, 61, 42, 90, 33, 74, 35], \n","              [21, 32, 47, 21, 78, 31, 23, 45, 32, 17], \n","              [12, 25, 34, 76, 20, 34, 43, 11, 51, 67], \n","              [34, 45, 36, 74, 12, 29, 41, 65, 98, 12], \n","              [16, 24, 64, 31, 72, 34, 45, 18, 39, 43], \n","              [12, 24, 36, 87, 45, 57, 36, 92, 89, 35], \n","              [45, 98, 37, 47, 21, 25, 68, 49, 34, 29], \n","              [48, 24, 19, 29, 37, 76, 56, 19, 36, 98], \n","              [17, 74, 81, 23, 45, 38, 76, 17, 91, 83], \n","              [45, 44, 38, 71, 65, 24, 63, 75, 24, 25]], dtype='float')"],"id":"interim-shark","execution_count":null,"outputs":[]},{"cell_type":"markdown","metadata":{"id":"pediatric-investor"},"source":["- Kiểm tra tính khả nghịch của $\\mathbf{M}$: "],"id":"pediatric-investor"},{"cell_type":"code","metadata":{"id":"local-racing","outputId":"a42fe552-7ff6-4310-c868-76bfd5cc1123"},"source":["np.linalg.inv(M)"],"id":"local-racing","execution_count":null,"outputs":[{"output_type":"execute_result","data":{"text/plain":["array([[-0.00680896,  0.00186526, -0.00638907,  0.02226436,  0.0036694 ,\n","        -0.01892598, -0.0083409 ,  0.01088352, -0.00214929,  0.00903268],\n","       [ 0.00283658,  0.02500507,  0.01472937, -0.00570977, -0.02126997,\n","        -0.00336147,  0.01282653, -0.00434116, -0.00089375, -0.01131244],\n","       [-0.01780048, -0.04720034, -0.03040823,  0.00148682,  0.06364138,\n","         0.01652922,  0.00949087, -0.00152377,  0.00071046, -0.00220178],\n","       [ 0.00063136,  0.00319626,  0.01730484,  0.00140245,  0.00298332,\n","        -0.00228735,  0.00417106, -0.00455197, -0.01086209, -0.00296909],\n","       [ 0.01069568,  0.04224231,  0.02281897, -0.00107644, -0.03471458,\n","        -0.01560719, -0.01010844, -0.00275093, -0.00083416,  0.00250113],\n","       [ 0.00139216, -0.01908973, -0.01378948, -0.00334479,  0.04359395,\n","         0.01823835,  0.02575995,  0.00768401, -0.02427027, -0.03034755],\n","       [ 0.01103889, -0.02297515, -0.00850958, -0.00338365,  0.01208725,\n","         0.00187111,  0.00301812, -0.00040642, -0.00218615,  0.00653903],\n","       [-0.00822643, -0.01596117, -0.0197957 , -0.00855123, -0.00112663,\n","         0.01728502, -0.00442812,  0.00047524,  0.01353102,  0.01561715],\n","       [ 0.00703557,  0.02249376,  0.010656  ,  0.01272054, -0.02674453,\n","        -0.01187739, -0.01256201, -0.00022034,  0.00587816, -0.00126035],\n","       [-0.0065107 ,  0.00798378,  0.00716147, -0.00829108, -0.02737482,\n","        -0.00074346, -0.01454238,  0.00287959,  0.01995147,  0.01594082]])"]},"metadata":{"tags":[]},"execution_count":32}]},{"cell_type":"code","metadata":{"id":"professional-oxford","outputId":"1a00a37c-b22e-4227-f84e-387e9601ee05"},"source":["np.linalg.det(M)"],"id":"professional-oxford","execution_count":null,"outputs":[{"output_type":"execute_result","data":{"text/plain":["2.3727348858157942e+17"]},"metadata":{"tags":[]},"execution_count":33}]},{"cell_type":"markdown","metadata":{"id":"important-knight"},"source":["- Nhân $\\mathbf{M}$ với chuyển vị của nó: "],"id":"important-knight"},{"cell_type":"code","metadata":{"id":"unlike-classroom"},"source":["A = np.matmul(M.T, M)"],"id":"unlike-classroom","execution_count":null,"outputs":[]},{"cell_type":"code","metadata":{"id":"nonprofit-usage","outputId":"b9ce7b8d-1062-4e00-8a6c-3f34f8ed4194"},"source":["A"],"id":"nonprofit-usage","execution_count":null,"outputs":[{"output_type":"execute_result","data":{"text/plain":["array([[ 8884., 12294., 10169., 12772., 10999., 10192., 14320., 11790.,\n","        12933., 11572.],\n","       [12294., 23442., 19498., 19726., 17432., 14817., 24884., 18152.,\n","        24135., 18187.],\n","       [10169., 19498., 21637., 19363., 21224., 16050., 24195., 17113.,\n","        25873., 19634.],\n","       [12772., 19726., 19363., 29572., 19550., 18485., 24783., 24614.,\n","        29189., 19549.],\n","       [10999., 17432., 21224., 19550., 25618., 17628., 24511., 19331.,\n","        23720., 19211.],\n","       [10192., 14817., 16050., 18485., 17628., 17548., 21082., 16011.,\n","        22695., 20007.],\n","       [14320., 24884., 24195., 24783., 24511., 21082., 32985., 21678.,\n","        31322., 25452.],\n","       [11790., 18152., 17113., 24614., 19331., 16011., 21678., 24924.,\n","        25400., 14000.],\n","       [12933., 24135., 25873., 29189., 23720., 22695., 31322., 25400.,\n","        39456., 25186.],\n","       [11572., 18187., 19634., 19549., 19211., 20007., 25452., 14000.,\n","        25186., 27180.]])"]},"metadata":{"tags":[]},"execution_count":35}]},{"cell_type":"markdown","metadata":{"id":"voluntary-chester"},"source":["- Phân tách Cholesy của $\\mathbf{M}$ bằng hàm ta định nghĩa: "],"id":"voluntary-chester"},{"cell_type":"code","metadata":{"id":"fatal-forth","outputId":"de8bb0ac-62a1-4efe-9a18-053f4506d7b3"},"source":["ChoLKDecom(A)"],"id":"fatal-forth","execution_count":null,"outputs":[{"output_type":"execute_result","data":{"text/plain":["array([[ 94.25497334, 130.43343565, 107.88820621, 135.50478608,\n","        116.69410759, 108.13222516, 151.92832263, 125.0862377 ,\n","        137.21291876, 122.7733624 ],\n","       [  0.        ,  80.18178637,  67.66836765,  25.587422  ,\n","         27.57716843,   8.89157501,  63.19972573,  22.90510536,\n","         77.79631602,  27.10401745],\n","       [  0.        ,   0.        ,  73.60792744,  40.92185072,\n","         91.94634765,  51.38209917,  47.91744105,  28.09098388,\n","         78.86371503,  61.86993307],\n","       [  0.        ,   0.        ,   0.        ,  94.23979477,\n","         -7.75525293,  15.9423404 ,   6.55770443,  62.90971333,\n","         57.06863505,  -3.31847396],\n","       [  0.        ,   0.        ,   0.        ,   0.        ,\n","         52.20833499,   3.13441427,  13.10161406,  38.45233795,\n","        -23.8657309 , -30.22180261],\n","       [  0.        ,   0.        ,   0.        ,   0.        ,\n","          0.        ,  53.5934594 ,  27.68990047,  -5.32421355,\n","         42.52280549,  64.53904306],\n","       [  0.        ,   0.        ,   0.        ,   0.        ,\n","          0.        ,   0.        ,  51.29436545, -17.32530981,\n","         10.54319041,  14.6657421 ],\n","       [  0.        ,   0.        ,   0.        ,   0.        ,\n","          0.        ,   0.        ,   0.        ,  46.89304828,\n","         42.13516407, -37.2655295 ],\n","       [  0.        ,   0.        ,   0.        ,   0.        ,\n","          0.        ,   0.        ,   0.        ,   0.        ,\n","         28.90917629, -17.59569996],\n","       [  0.        ,   0.        ,   0.        ,   0.        ,\n","          0.        ,   0.        ,   0.        ,   0.        ,\n","          0.        ,  23.26188014]])"]},"metadata":{"tags":[]},"execution_count":39}]},{"cell_type":"markdown","metadata":{"id":"nearby-international"},"source":["- So sánh kết quả với hàm cholesky của numpy: "],"id":"nearby-international"},{"cell_type":"code","metadata":{"id":"ranking-brother","outputId":"3dc0a4ce-3dad-476d-ec57-58a80b153c2b"},"source":["np.linalg.cholesky(A)"],"id":"ranking-brother","execution_count":null,"outputs":[{"output_type":"execute_result","data":{"text/plain":["array([[ 94.25497334,   0.        ,   0.        ,   0.        ,\n","          0.        ,   0.        ,   0.        ,   0.        ,\n","          0.        ,   0.        ],\n","       [130.43343565,  80.18178637,   0.        ,   0.        ,\n","          0.        ,   0.        ,   0.        ,   0.        ,\n","          0.        ,   0.        ],\n","       [107.88820621,  67.66836765,  73.60792744,   0.        ,\n","          0.        ,   0.        ,   0.        ,   0.        ,\n","          0.        ,   0.        ],\n","       [135.50478608,  25.587422  ,  40.92185072,  94.23979477,\n","          0.        ,   0.        ,   0.        ,   0.        ,\n","          0.        ,   0.        ],\n","       [116.69410759,  27.57716843,  91.94634765,  -7.75525293,\n","         52.20833499,   0.        ,   0.        ,   0.        ,\n","          0.        ,   0.        ],\n","       [108.13222516,   8.89157501,  51.38209917,  15.9423404 ,\n","          3.13441427,  53.5934594 ,   0.        ,   0.        ,\n","          0.        ,   0.        ],\n","       [151.92832263,  63.19972573,  47.91744105,   6.55770443,\n","         13.10161406,  27.68990047,  51.29436545,   0.        ,\n","          0.        ,   0.        ],\n","       [125.0862377 ,  22.90510536,  28.09098388,  62.90971333,\n","         38.45233795,  -5.32421355, -17.32530981,  46.89304828,\n","          0.        ,   0.        ],\n","       [137.21291876,  77.79631602,  78.86371503,  57.06863505,\n","        -23.8657309 ,  42.52280549,  10.54319041,  42.13516407,\n","         28.90917629,   0.        ],\n","       [122.7733624 ,  27.10401745,  61.86993307,  -3.31847396,\n","        -30.22180261,  64.53904306,  14.6657421 , -37.2655295 ,\n","        -17.59569996,  23.26188014]])"]},"metadata":{"tags":[]},"execution_count":41}]},{"cell_type":"markdown","metadata":{"id":"other-cigarette"},"source":["### Ví dụ 6: Ma trận M khả nghịch $5 \\times 5$. "],"id":"other-cigarette"},{"cell_type":"code","metadata":{"id":"bored-course"},"source":["M = np.array([[4, 5, 4, 2, 1], \n","             [2, 5, 7, 2, 5], \n","             [1, 2, 2, 5, 7], \n","             [3, 4, 3, 3, 6], \n","             [6, 4, 5, 4, 1]], dtype='float')"],"id":"bored-course","execution_count":null,"outputs":[]},{"cell_type":"markdown","metadata":{"id":"environmental-algeria"},"source":["- Tính định thức, nghịch đảo của $\\mathbf{M}$: "],"id":"environmental-algeria"},{"cell_type":"code","metadata":{"id":"normal-inquiry","colab":{"base_uri":"https://localhost:8080/","height":166},"executionInfo":{"status":"error","timestamp":1625586240599,"user_tz":-420,"elapsed":456,"user":{"displayName":"Đại Phạm Văn","photoUrl":"https://lh3.googleusercontent.com/a-/AOh14GjKNvOu-vTJvaxpa1Cf7K3dpD9wCUpP-0U9j0Cn=s64","userId":"13154657186423650205"}},"outputId":"89092475-fe27-4747-8326-c0c0ff932a05"},"source":["np.linalg.det(M)"],"id":"normal-inquiry","execution_count":null,"outputs":[{"output_type":"error","ename":"NameError","evalue":"ignored","traceback":["\u001b[0;31m---------------------------------------------------------------------------\u001b[0m","\u001b[0;31mNameError\u001b[0m                                 Traceback (most recent call last)","\u001b[0;32m<ipython-input-5-9651f8c0128d>\u001b[0m in \u001b[0;36m<module>\u001b[0;34m()\u001b[0m\n\u001b[0;32m----> 1\u001b[0;31m \u001b[0mnp\u001b[0m\u001b[0;34m.\u001b[0m\u001b[0mlinalg\u001b[0m\u001b[0;34m.\u001b[0m\u001b[0mdet\u001b[0m\u001b[0;34m(\u001b[0m\u001b[0mM\u001b[0m\u001b[0;34m)\u001b[0m\u001b[0;34m\u001b[0m\u001b[0;34m\u001b[0m\u001b[0m\n\u001b[0m","\u001b[0;31mNameError\u001b[0m: name 'np' is not defined"]}]},{"cell_type":"code","metadata":{"id":"verified-tuning"},"source":["np.linalg.inv(M)"],"id":"verified-tuning","execution_count":null,"outputs":[]},{"cell_type":"markdown","metadata":{"id":"japanese-spyware"},"source":["- Nhân $\\mathbf{M}$ với chuyển vị của nó: "],"id":"japanese-spyware"},{"cell_type":"code","metadata":{"id":"metallic-drinking"},"source":["D = np.matmul(M.T, M) "],"id":"metallic-drinking","execution_count":null,"outputs":[]},{"cell_type":"code","metadata":{"id":"acoustic-leader"},"source":["print(D)"],"id":"acoustic-leader","execution_count":null,"outputs":[]},{"cell_type":"markdown","metadata":{"id":"missing-checklist"},"source":["- Phân tách Cholesky của $\\mathbf{A}$ bằng hàm tự định nghĩa và so kết quả với hàm cholesky của thư viện numpy. "],"id":"missing-checklist"},{"cell_type":"code","metadata":{"id":"capital-stuff"},"source":["ChoLKDecom(D)"],"id":"capital-stuff","execution_count":null,"outputs":[]},{"cell_type":"markdown","metadata":{"id":"passive-crazy"},"source":["- So sánh kết quả với hàm cholesky của numpy: "],"id":"passive-crazy"},{"cell_type":"code","metadata":{"id":"enormous-anthony"},"source":["np.linalg.cholesky(D)"],"id":"enormous-anthony","execution_count":null,"outputs":[]},{"cell_type":"markdown","metadata":{"id":"tribal-uniform"},"source":["# Ứng dụng của phân tách Cholesky "],"id":"tribal-uniform"},{"cell_type":"markdown","metadata":{"id":"typical-reason"},"source":["## Ứng dụng 1: Giải hệ phương trình $\\mathbf{Ax} = \\mathbf{b}$"],"id":"typical-reason"},{"cell_type":"markdown","metadata":{"id":"mature-hands"},"source":["- **Định lý 1**: Nếu $\\mathbf{A}$ là ma trận đối xứng, xác định dương thì $\\mathbf{A}$ khả nghịch $\\Rightarrow$ hệ $\\mathbf{Ax} = \\mathbf{b}$ có nghiệm duy nhất. \n","- **Định lý 2**: Nếu $\\mathbf{M} \\in \\mathbb{R}^{n \\times n}$ là ma trận khả nghịch thì $\\mathbf{A} = \\mathbf{M}^T\\mathbf{M}$ là ma trận đối xứng xác định dương. \n","- **Định lý 3**: Cho $\\mathbf{A}$ là ma trận đối xứng xác định dương. Khi đó $\\mathbf{A}$ có thể được phân tách một cách duy nhất thành tích của hai ma trận tam giác trên và dưới: \n","- Từ ba định lý trên, ta có thể giải hệ $\\mathbf{Ax} = \\mathbf{b}$ với $\\mathbf{A} \\in \\mathbb{R}^{n \\times n}$ là ma trận khả nghịch bằng phân tách Cholesky. \n","\n","**Ý TƯỞNG THUẬT TOÁN:**\n","- Nếu $\\mathbf{A}$ đối xứng, thử phân tách Cholesky của $\\mathbf{A}$\n","- Nếu $\\mathbf{A}$ không đối xứng, thì biến đổi hệ $\\mathbf{Ax} = \\mathbf{b} \\quad (1)$ về hệ $\\mathbf{A}^T\\mathbf{Ax} = \\mathbf{A}^T\\mathbf{b} \\quad (2)$. Ta dễ dàng thấy rằng hai hệ này là tương đương nhau (ta giả sử $\\mathbf{A}$ khả nghịch) \n","- Viết lại hệ $(2)$ thành $\\mathbf{Bx} = \\mathbf{y} \\quad (3) $, với $\\mathbf{B} = \\mathbf{X}^T\\mathbf{X}$ và $\\mathbf{y} = \\mathbf{A}^T\\mathbf{b}$. \n","- Phân tách Cholesky $\\mathbf{B} = \\mathbf{U}^T\\mathbf{U}$. Khi đó, ta viết lại hệ $(3)$ thành hai hệ tam giác là: \n","\\begin{align}\n","\\mathbf{U}^T\\mathbf{Ux} &= \\mathbf{y} \\\\\n","\\Leftrightarrow\n","\\begin{cases}\n","\\mathbf{U}^T\\mathbf{c} &= y \\qquad (4) \\\\\n","\\mathbf{Ux} &= c \\qquad (5)\n","\\end{cases}\n","\\end{align}\n","- Giải lần lượt hệ (4) (thế xuôi) và hệ (5) (thế ngược) ta thu được nghiệm $\\mathbf{x}$ duy nhất cần tìm. "],"id":"mature-hands"},{"cell_type":"markdown","metadata":{"id":"identical-institution"},"source":["### Hàm thế xuôi (forward substitution):"],"id":"identical-institution"},{"cell_type":"code","metadata":{"id":"located-rainbow"},"source":["def forwSub(L, b): \n","    n = len(L)\n","    y = np.zeros(n)\n","    \n","    for i in range(n): \n","        y[i] = (b[i] - np.dot(L[i][:i], y[:i])) / L[i][i]  # np.dot([], []) = 0\n","    \n","    return y"],"id":"located-rainbow","execution_count":null,"outputs":[]},{"cell_type":"markdown","metadata":{"id":"hidden-reviewer"},"source":["### Hàm thế ngược (backward substitution): "],"id":"hidden-reviewer"},{"cell_type":"code","metadata":{"id":"offshore-continuity"},"source":["def backSub(U, y): \n","    n = len(U)\n","    x = np.zeros(n)\n","    \n","    for i in range(n - 1, -1, -1): \n","        x[i] = (y[i] - np.dot(U[i][i + 1:], x[i + 1:])) / U[i][i]\n","        \n","    return x"],"id":"offshore-continuity","execution_count":null,"outputs":[]},{"cell_type":"markdown","metadata":{"id":"brilliant-transition"},"source":["###  Hàm giải hệ phương trình bằng thế xuôi và thế ngược: "],"id":"brilliant-transition"},{"cell_type":"code","metadata":{"id":"becoming-timer","executionInfo":{"status":"ok","timestamp":1625588631059,"user_tz":-420,"elapsed":328,"user":{"displayName":"Đại Phạm Văn","photoUrl":"https://lh3.googleusercontent.com/a-/AOh14GjKNvOu-vTJvaxpa1Cf7K3dpD9wCUpP-0U9j0Cn=s64","userId":"13154657186423650205"}}},"source":["def linEqua(L, U, b):  \n","    # Bước 1: Thế xuôi\n","    y = forwSub(L, b)\n","    \n","    # Bước 2: Thế ngược \n","    x = backSub(U, y)\n","    \n","    return x"],"id":"becoming-timer","execution_count":7,"outputs":[]},{"cell_type":"markdown","metadata":{"id":"practical-enclosure"},"source":["### Hàm thực thi chính - giải hệ phương trình $\\mathbf{Ax} = \\mathbf{b}$:"],"id":"practical-enclosure"},{"cell_type":"code","metadata":{"id":"pediatric-belize","executionInfo":{"status":"ok","timestamp":1625588621845,"user_tz":-420,"elapsed":337,"user":{"displayName":"Đại Phạm Văn","photoUrl":"https://lh3.googleusercontent.com/a-/AOh14GjKNvOu-vTJvaxpa1Cf7K3dpD9wCUpP-0U9j0Cn=s64","userId":"13154657186423650205"}}},"source":["def symmposdefLinEqua(A, b): \n","    flag = symmetryCheck(A)\n","    \n","    # TH1: Nếu A đối xứng => thử phân tách Cholesky của A. \n","    if flag == True: \n","        U = ChoLKDecom(A)\n","        if type(U) == str: \n","            return U\n","        \n","        x = linEqua(U.T, U, b)\n","        print(\"Nghiệm của phương trình ban đầu là: \")\n","        return x \n","    \n","    \n","    # TH2: Nếu A không đối xứng, thì nhân A với chuyển vị của nó, rồi thử phân tách Cholesky. \n","    b = np.matmul(A.T, b)\n","    A = np.matmul(A.T, A)\n","    \n","    U = ChoLKDecom(A)\n","    if type(U) == str: \n","        return \"Hệ phương trình không có nghiệm duy nhất\"\n","    \n","    x = linEqua(U.T, U, b)\n","    \n","    print(\"Nghiệm của phương trình ban đầu là x = \")\n","    print(x)"],"id":"pediatric-belize","execution_count":6,"outputs":[]},{"cell_type":"markdown","metadata":{"id":"residential-sharing"},"source":["### Ví dụ 1: "],"id":"residential-sharing"},{"cell_type":"code","metadata":{"id":"atlantic-hygiene"},"source":["A = np.array([[2, 4, 6, 7], \n","              [5, 3, 2, 4], \n","              [1, 3, 2, 6], \n","              [8, 3, 9, 2]], dtype='float')"],"id":"atlantic-hygiene","execution_count":null,"outputs":[]},{"cell_type":"code","metadata":{"id":"hidden-wright"},"source":["b = np.array([8, 2, 16, 6])"],"id":"hidden-wright","execution_count":null,"outputs":[]},{"cell_type":"code","metadata":{"id":"formed-watson","outputId":"058e4c83-f945-425e-f8d5-6660ed82331b"},"source":["x = symmposdefLinEqua(A, b)"],"id":"formed-watson","execution_count":null,"outputs":[{"output_type":"stream","text":["Nghiệm của phương trình ban đầu là x = \n","[ 17.38888889 -87.38888889   5.05555556  41.77777778]\n"],"name":"stdout"}]},{"cell_type":"markdown","metadata":{"id":"affiliated-parcel"},"source":["- So sánh kết quả với hàm solve của numpy: "],"id":"affiliated-parcel"},{"cell_type":"code","metadata":{"id":"educational-improvement"},"source":["x = np.linalg.solve(A, b)"],"id":"educational-improvement","execution_count":null,"outputs":[]},{"cell_type":"code","metadata":{"id":"wound-volume","outputId":"c176ad2c-361a-44f2-fadf-3b02df4017ae"},"source":["print(x)"],"id":"wound-volume","execution_count":null,"outputs":[{"output_type":"stream","text":["[ 17.38888889 -87.38888889   5.05555556  41.77777778]\n"],"name":"stdout"}]},{"cell_type":"markdown","metadata":{"id":"suited-behavior"},"source":["## Ứng dụng 2: Linear Least Squares (Hồi quy tuyến tính / Bình phương tối thiểu)"],"id":"suited-behavior"},{"cell_ty